000aaa: 123-4; 
4zm: 0739975368; 
andrew: +46 73 080 22 48; 
anna laurin: +46 706 35 65 87
aron: +46 73 632 28 23; 
bg: 0707680635; 
copylinda: +46705739737; 
daniel melin: 087000774; 
danne macken: +468-6160031; +4676-3066566; +4673-5232329; 
denise: +467 377 458-52; 
ehj: +46707696567; +32 484 08 20 63; 
elsie: +46 73 556 65 45; 
erik: +46 8 31 66 03; +46 70 752 34 11; 1425
fl: +46708326202; 
frank: +46 73 071 49 85; 
grtrd: +46 70 789 28 31; 
helen: +46 73 924 84 64;
helix: +46722603430;
iha: +46708628490;
jn: +46 70 757 30 36;
john: +46708447177;
juni: +46 735 16 25 04;
kenta macken: +46708394980;
kenta sjöberg macken: +46 73 506 41 71;
lai: +46 73 375 59 80;
leif: +46 70 341 98 86;
lena: +46 72 222 44 22; +46 8 656 82 02; 084408992;
linus: +46 740 10 22 35; +46 8 441 88 15
lise: +46 70 757 48 58;
liss: +46 73 947 45 89; +46 8 510 124 21; 
lundberg: +46 73 071 43 75; 
lärka: +46 70 342 52 41; 
mamma ka: 0704470817; 
Marie Eklund Tandl: 08 669 99 09; 
micke: +46 70 982 13 81; 
pappa la: +46 70 488 50 01; +46 8 615 06 46;
pawal: +46 73 317 39 56; 
pelle: +46 70 349 41 37; 
pepijn: +31 6 26012891;
peter: 0730779939; 
pettai: +46 73 071 43 76; 
rom: +46708330378; 5712
rydekull: +46 70 240 32 23; 
sanna (lars): +46 70 444 61 75; +46 8 615 06 46;
sas scb: +45 32 32 66 33; +45 70 10 20 00
simon: +46 73 962 69 79; 
tege: 0736696135; 
